课程             课程编号        课时           学分      应上教室
网络技术导论           01       2                2            1 2529
马克思主义原理         02       4                2             0
离散数学               03       2                3             0
体育基础               04       2                1             1 8888
电路与电子学基础       05       4                4             0
大学物理               06       4                5             0
高等数学               07       5                5             0
数学分析               08       5                5             0

