教师名称      教授课程          教授班级	不可上课时间
魏更宇       1 01   4  2014211301 2014211302 2014211303 2014211304    0
张冬梅       1 01   4  2014211305 2014211306 2014211307 2014211308    0
郭岗         1 01   2 2014211309 2014211310      0
赵玲         1 02   10 2014211301 2014211302 2014211303 2014211304 2014211305 2014211306 2014211307 2014211308 2014211309 2014211310     0
吴斌         1 03   4 2014211301 2014211302 2014211303 2014211304    0
徐六通       1 03   6 2014211305 2014211306 2014211307 2014211308 2014211309 2014211310     0
刘利         1 04   10 2014211301 2014211302 2014211303 2014211304 2014211305 2014211306 2014211307 2014211308 2014211309 2014211310     0
侯宾         1 05   5 2014211301 2014211302 2014211303 2014211304 2014211305       0
魏翼飞       1 05   5 2014211306 2014211307 2014211308 2014211309 2014211310       0
刘尖斌       1 06   10 2014211301 2014211302 2014211303 2014211304 2014211305 2014211306 2014211307 2014211308 2014211309 2014211310     0
罗群         1 07   5 2014211301 2014211302 2014211303 2014211304 2014211305       0
李鹤         1 07   5 2014211306 2014211307 2014211308 2014211309 2014211310       0
郭奋卓       1 08   10 2014211301 2014211302 2014211303 2014211304 2014211305 2014211306 2014211307 2014211308 2014211309 2014211310     0